1.000000000000000021e-03 4.106682572343900574e+03
1.087249617604684609e-03 4.440500579180268687e+03
1.182111730981533129e-03 4.799484674417259157e+03
1.285250527475682424e-03 5.185109155396758069e+03
1.397388144524154855e-03 5.598862375385636369e+03
1.519309725779207287e-03 6.042220174567461981e+03
1.651868918376519710e-03 6.516635134801025742e+03
1.795993849837935119e-03 7.023489163712921254e+03
1.952693626456660338e-03 7.564040174057387958e+03
2.123065398664109038e-03 8.139435577290485526e+03
2.308302042847289876e-03 8.750630131777243150e+03
2.509700513401825952e-03 9.398312152942660759e+03
2.728670923498416074e-03 1.008292669256570116e+04
2.966746418142674271e-03 1.080451981867601171e+04
3.225593908655687275e-03 1.156259430234199681e+04
3.507025743733896504e-03 1.235626610226603771e+04
3.813012398804463583e-03 1.318403136465490024e+04
4.145696272522074281e-03 1.404377071235039693e+04
4.507406687004791856e-03 1.493260568322509425e+04
4.900676196834753869e-03 1.584665128272222137e+04
5.328258321012965988e-03 1.678104840578728908e+04
5.793146822020326693e-03 1.772986169483557387e+04
6.298596666969387761e-03 1.868571310610959699e+04
6.848146817608608689e-03 1.964012417321121757e+04
7.445645008745697610e-03 2.058294453030330988e+04
8.095274688578988492e-03 2.150252800655566534e+04
8.801584309562389061e-03 2.238598981493835527e+04
9.569519174887089474e-03 2.321805337440965013e+04
1.040445606355668538e-02 2.398225755820974518e+04
1.131224087648674895e-02 2.466070437347844927e+04
1.229922956721229456e-02 2.523307148549103294e+04
1.337233264378379256e-02 2.567916979929566514e+04
1.453906355343657052e-02 2.597763834846396639e+04
1.580759128880411882e-02 2.610688419398754922e+04
1.718679758400341179e-02 2.604786533927522032e+04
1.868633910105681889e-02 2.578412933184298890e+04
2.031671504205549358e-02 2.530373650410619302e+04
2.208934066045818018e-02 2.460232698149132557e+04
2.401662718622275816e-02 2.368729012680355663e+04
2.611206872437495455e-02 2.257464919128720794e+04
2.839033673544391623e-02 2.129581852094821443e+04
3.086738275927962752e-02 1.990366486591063949e+04
3.356055010148419754e-02 1.845102291633238929e+04
3.648869526444153272e-02 1.700534195684696897e+04
3.967231997315792680e-02 1.564096124952755963e+04
4.313371472030665121e-02 1.441176978069422876e+04
4.689711483552293919e-02 1.335404885449341964e+04
5.098887017168526881e-02 1.241652945602458203e+04
5.543762959625972431e-02 1.168825587083319260e+04
6.027454157944353574e-02 1.103739735215903056e+04
6.553347228354761134e-02 1.036314770585511542e+04
7.125124268059430943e-02 9.569465810015144598e+03
7.746788635833475045e-02 8.615887676630900387e+03
8.422692981974262694e-02 7.559057422946055340e+03
9.157569723853173360e-02 6.544803476555827729e+03
9.956564180447595447e-02 5.723340302959537439e+03
1.082527059784814810e-01 5.149576026588732020e+03
1.176977131797763559e-01 4.746299461942342532e+03
1.279667936476577006e-01 4.355037178302868597e+03
1.391318474595132915e-01 3.873075501633270960e+03
1.512710479469891456e-01 3.368072929773955821e+03
1.644693890350238663e-01 2.968382274432699887e+03
1.788192803360056093e-01 2.682977347847579949e+03
1.944211941656670273e-01 2.424529181787047037e+03
2.113843690108676288e-01 2.153995913168312654e+03
2.298275743746733824e-01 1.924373171033527342e+03
2.498799423538758391e-01 1.738680203905833423e+03
2.716818717713319065e-01 1.562463007947566439e+03
2.953860111935055488e-01 1.409498246257661549e+03
3.211583277159120176e-01 1.277532906662400137e+03
3.491792689996849886e-01 1.159543047119752600e+03
3.796450266953908526e-01 1.054796546870167276e+03
4.127689101000839855e-01 9.634703620095724546e+02
4.487828396654187646e-01 8.819515688418331365e+02
4.879389708137710779e-01 8.104087787667646126e+02
5.305114594316954202e-01 7.448535721483327734e+02
5.767983814020141153e-01 6.874902800329997490e+02
6.271238196143408272e-01 6.352121853318034255e+02
6.818401330664806137e-01 5.873149046833611919e+02
7.413304239440583476e-01 5.437897416048633659e+02
8.060112199518962850e-01 5.031705213355543833e+02
8.763353906777845426e-01 4.648650509200948022e+02
9.527953184078732374e-01 4.300313363424991167e+02
1.035926345594492926e+00 3.961425319135350946e+02
1.126310523114230744e+00 3.642391981485690735e+02
1.224580685560079818e+00 3.338404745699564842e+02
1.331424882101277962e+00 3.046023890709168427e+02
1.447591193933976728e+00 2.767860826393166462e+02
1.573892972052625128e+00 2.502923240925086361e+02
1.711214532014917467e+00 2.253799784807857236e+02
1.860517345572798353e+00 2.020284422663927728e+02
2.022846772520905834e+00 1.800371316675863227e+02
2.199339379896225743e+00 1.596467053364390551e+02
2.391230899775095509e+00 1.413680019400440244e+02
2.599864881384975845e+00 1.242146080065605531e+02
2.826702098109663996e+00 1.082801331005462941e+02
3.073330775252092195e+00 9.522179570469633347e+01
3.341477710165546178e+00 8.322847913836058353e+01
3.633020362612067178e+00 7.108390373162926323e+01
3.950000000000000178e+00 6.205545427930672986e+01
